  0.9946   0.2068
  0.6074   0.3476
  0.7177   0.0280
  0.0668   0.9271
  0.0878   0.3324
  0.5262   0.2466
  0.5429   0.7809
  0.5219   0.9319
  0.1471   0.4168
  0.2803   0.5981
  0.0365   0.0637
  0.3229   0.0984
  0.1700   0.3712
  0.0398   0.7092
  0.6413   0.1741
  0.0622   0.4067
  0.4631   0.2027
  0.8695   0.5979
  0.0230   0.8994
  0.4529   0.0580
  0.1063   0.9984
  0.8663   0.6152
  0.0269   0.3225
  0.4638   0.0990
  0.5710   0.3259
  0.4505   0.5778
  0.0748   0.0573
  0.3010   0.5217
  0.5619   0.2416
  0.9127   0.8257
  0.4445   0.9821
  0.5783   0.2344
  0.8106   0.4513
  0.2500   0.9554
  0.1427   0.5126
  0.9719   0.6483
  0.6147   0.4697
  0.5778   0.9113
  0.3762   0.2288
  0.4235   0.2736
  0.4446   0.6275
  0.5346   0.3854
  0.8735   0.3003
  0.4000   0.5177
  0.0618   0.2314
  0.1185   0.0988
  0.8903   0.0334
  0.8390   0.5073
  0.1137   0.4904
  0.5994   0.0902
  0.9782   0.6530
  0.4611   0.8638
  0.2628   0.8240
  0.3290   0.9413
  0.2441   0.9571
  0.5108   0.5646
  0.9937   0.7710
  0.3138   0.0579
  0.0441   0.8129
  0.4121   0.3842
  0.5231   0.8921
  0.4059   0.6044
  0.0948   0.3360
  0.1448   0.2449
  0.3790   0.2703
  0.2156   0.6337
  0.7997   0.2085
  0.8963   0.7457
  0.5364   0.9700
  0.5649   0.2177
  0.8578   0.8620
  0.3133   0.3270
  0.8400   0.4925
  0.0519   0.7780
  0.4267   0.2800
  0.3335   0.3669
  0.7948   0.0387
  0.7267   0.8727
  0.2858   0.6568
  0.2319   0.6220
  0.0751   0.9668
  0.6100   0.3837
  0.0306   0.8576
  0.6035   0.8478
  0.5046   0.0079
  0.9191   0.4107
  0.7324   0.1511
  0.8152   0.9096
  0.7779   0.7571
  0.4052   0.7019
  0.5655   0.5847
  0.3449   0.7042
  0.1609   0.0015
  0.5620   0.5465
  0.5508   0.6945
  0.9275   0.9442
  0.9033   0.6041
  0.9262   0.1169
  0.3408   0.0367
  0.5384   0.7372
  0.1812   0.4262
  0.0982   0.3032
  0.7801   0.5370
  0.7691   0.6389
  0.8931   0.0607
  0.1758   0.4163
  0.7398   0.8930
  0.0259   0.1376
  0.4241   0.7646
  0.5244   0.7545
  0.1698   0.6727
  0.6187   0.0068
  0.7402   0.9917
  0.1282   0.3606
  0.1911   0.7144
  0.1779   0.9868
  0.0170   0.0398
  0.8043   0.8598
  0.5663   0.7541
  0.5195   0.5859
  0.1907   0.5034
  0.0509   0.0561
  0.3352   0.6309
  0.8920   0.6734
  0.6853   0.6957
  0.7998   0.6606
  0.5199   0.3317
  0.9342   0.2465
  0.5112   0.7403
  0.2542   0.8456
  0.5382   0.9101
  0.3507   0.9353
  0.9277   0.5877
  0.1018   0.3669
  0.2758   0.2661
  0.2265   0.0013
  0.8930   0.4535
  0.5784   0.3156
  0.9940   0.9839
  0.9645   0.6663
  0.7262   0.3340
  0.5228   0.2734
  0.7184   0.7780
  0.0811   0.2216
  0.2040   0.6241
  0.7252   0.8344
  0.0189   0.2021
  0.4691   0.3784
  0.3404   0.0639
  0.7613   0.4027
  0.6743   0.5511
  0.0515   0.3075
  0.9654   0.9315
  0.3780   0.6177
  0.5625   0.8306
  0.9577   0.0755
  0.8880   0.5624
  0.1944   0.2215
  0.7058   0.5968
  0.5863   0.9685
  0.5817   0.0998
  0.1666   0.1021
  0.1462   0.6716
  0.6399   0.3724
  0.1629   0.3895
  0.8000   0.3998
  0.7551   0.2952
  0.6400   0.8851
  0.2096   0.4804
  0.1130   0.1324
  0.0640   0.0793
  0.6270   0.4113
  0.6386   0.8566
  0.7636   0.9762
  0.7815   0.9356
  0.7392   0.2536
  0.7193   0.6935
  0.7733   0.7472
  0.3184   0.5104
  0.7731   0.5728
  0.9539   0.1716
  0.9072   0.7522
  0.2862   0.6274
  0.4628   0.1294
  0.5494   0.9695
  0.4421   0.5910
  0.1110   0.1999
  0.1630   0.0369
  0.2727   0.2301
  0.3585   0.1343
  0.9986   0.5135
  0.3878   0.2499
  0.3648   0.3991
  0.9263   0.4955
  0.6092   0.0048
  0.5877   0.7775
  0.6572   0.5283
  0.8258   0.9624
  0.3137   0.7971
  0.2852   0.0149
  0.0941   0.3287
  0.3056   0.0180
  0.1622   0.4440
  0.7668   0.6813
  0.7145   0.4598
  0.9193   0.9889
  0.9326   0.4615
  0.9049   0.3865
  0.6030   0.5603
  0.8458   0.2848
  0.6633   0.6023
  0.6565   0.3099
  0.3316   0.1882
  0.1007   0.2866
  0.3548   0.5358
  0.9908   0.0282
  0.7095   0.9052
  0.8658   0.1192
  0.9553   0.4409
  0.8758   0.8650
  0.3552   0.6311
  0.8645   0.0210
  0.0768   0.3767
  0.1492   0.0341
  0.7822   0.3272
  0.8175   0.1736
  0.6761   0.8756
  0.7572   0.2296
  0.3589   0.3632
  0.2674   0.3373
  0.0870   0.4516
  0.4547   0.0290
  0.6371   0.0595
  0.1692   0.6847
  0.5546   0.0060
  0.2881   0.3766
  0.1465   0.0745
  0.4607   0.3704
  0.8246   0.5375
  0.8175   0.4604
  0.0140   0.0050
  0.1662   0.3659
  0.7182   0.1594
  0.2788   0.6449
  0.2872   0.3219
  0.1554   0.3877
  0.8957   0.8878
  0.3936   0.6755
  0.2522   0.9500
  0.6247   0.2069
  0.1097   0.5658
  0.2743   0.0712
  0.1584   0.0495
  0.6809   0.7818
  0.8074   0.2651
  0.8959   0.6080
  0.0144   0.3440
  0.5337   0.6278
  0.4467   0.8111
  0.1448   0.9748
  0.8338   0.3401
  0.6162   0.3038
  0.0892   0.5215
  0.8253   0.7639
  0.9476   0.3335
  0.3897   0.1504
  0.3337   0.5537
  0.5503   0.1604
  0.1171   0.3986
  0.8314   0.1850
  0.5008   0.1263
  0.8646   0.7666
  0.5644   0.3896
  0.4901   0.8869
  0.9050   0.4984
  0.5292   0.9097
  0.5786   0.7758
  0.6614   0.4697
  0.2198   0.6026
  0.1843   0.1975
  0.8620   0.1256
  0.6456   0.4373
  0.6126   0.7375
  0.3033   0.0430
  0.8355   0.3693
  0.6613   0.8957
  0.2741   0.9979
  0.8344   0.7913
  0.6566   0.5437
  0.3867   0.8222
  0.5953   0.7816
  0.9877   0.7883
  0.8529   0.4856
  0.8738   0.3338
  0.2053   0.4944
  0.0312   0.8276
  0.2643   0.6775
  0.7939   0.6818
  0.6508   0.2373
  0.4774   0.9364
  0.2411   0.2091
  0.2725   0.7758
  0.3314   0.6031
  0.1840   0.0875
  0.3089   0.2309
  0.9092   0.9369
  0.0319   0.5936
  0.0438   0.4249
  0.5216   0.8403
  0.6250   0.2552
  0.9047   0.7673
  0.5627   0.8972
  0.3681   0.3377
  0.6189   0.0869
  0.3755   0.1874
  0.8105   0.7232
  0.6747   0.9140
  0.8210   0.5487
  0.0155   0.0947
  0.5148   0.9525
  0.8431   0.9350
  0.9734   0.3725
  0.3209   0.7832
  0.2122   0.9592
  0.9302   0.3657
  0.3449   0.6927
  0.7166   0.8003
  0.5937   0.0972
  0.5595   0.0431
  0.7576   0.6596
  0.5995   0.2270
  0.7137   0.7245
  0.3442   0.0328
  0.8436   0.7703
  0.5096   0.7070
  0.7912   0.3307
  0.9137   0.5767
  0.2879   0.2669
  0.8902   0.3661
  0.1500   0.9463
  0.6508   0.9822
  0.1938   0.8287
  0.4938   0.5908
  0.0449   0.5645
  0.6335   0.4981
  0.0596   0.5152
  0.0532   0.8436
  0.5947   0.6910
  0.6472   0.6234
  0.9539   0.1769
  0.4749   0.8424
  0.4970   0.7624
  0.1799   0.6916
  0.9144   0.1627
  0.4281   0.0419
  0.2257   0.6662
  0.8713   0.3447
  0.0273   0.9053
  0.4711   0.9105
  0.3280   0.6911
  0.0174   0.5123
  0.3318   0.3361
  0.9533   0.7505
  0.3339   0.6328
  0.4155   0.5765
  0.9595   0.6158
  0.1506   0.8383
  0.7262   0.1088
  0.1614   0.2970
  0.4236   0.5284
  0.2751   0.8280
  0.7928   0.2737
  0.6157   0.1016
  0.6700   0.3474
  0.6695   0.2953
  0.6804   0.3938
  0.3918   0.2070
  0.7245   0.8193
  0.9265   0.5141
  0.1931   0.6029
  0.1982   0.4104
  0.8531   0.4291
  0.9257   0.3731
  0.6982   0.5886
  0.1009   0.4124
  0.9247   0.0556
  0.3840   0.2406
  0.2278   0.3571
  0.9241   0.5025
  0.8032   0.3503
  0.4587   0.9511
  0.1330   0.0703
  0.7061   0.9317
  0.1089   0.6517
  0.1461   0.6940
  0.6256   0.0437
  0.7979   0.9862
  0.4367   0.3447
  0.0488   0.2252
  0.5810   0.6014
  0.2525   0.6543
  0.0601   0.9405
  0.0925   0.3340
  0.6510   0.5039
  0.5309   0.3791
  0.7689   0.2825
  0.6493   0.9222
  0.3307   0.8134
  0.7876   0.1243
  0.1574   0.4150
  0.6873   0.6577
  0.6800   0.0094
  0.1286   0.7639
  0.8419   0.7469
  0.9445   0.9197
  0.2231   0.5098
  0.7877   0.5225
  0.6174   0.5582
  0.7310   0.0634
  0.4928   0.2299
  0.3374   0.5516
  0.7437   0.4123
  0.5076   0.1290
  0.2148   0.2928
  0.4500   0.2403
  0.2633   0.8916
  0.5861   0.9387
  0.6181   0.2507
  0.1025   0.5464
  0.4426   0.6915
  0.7594   0.3994
  0.5674   0.2056
  0.9435   0.5128
  0.2762   0.2291
  0.9529   0.6894
  0.7079   0.6569
  0.7790   0.5805
  0.5032   0.8787
  0.3929   0.2426
  0.2816   0.9048
  0.7027   0.8531
  0.3787   0.6330
  0.0316   0.9200
  0.4697   0.5199
  0.7663   0.3362
  0.6260   0.3269
  0.3111   0.6461
  0.4337   0.1029
  0.2362   0.9718
  0.6989   0.6595
  0.3261   0.0198
  0.5705   0.0363
  0.2647   0.1907
  0.4493   0.7687
  0.6279   0.3147
  0.2920   0.0782
  0.1719   0.7213
  0.0894   0.9178
  0.4297   0.0797
  0.5721   0.8318
  0.3474   0.7799
  0.7083   0.5909
  0.3770   0.3938
  0.4283   0.4230
  0.2189   0.4968
  0.0399   0.5648
  0.0491   0.8723
  0.8600   0.3383
  0.9740   0.9548
  0.9886   0.1577
  0.0029   0.2482
  0.3463   0.2333
  0.7559   0.2259
  0.4484   0.2594
  0.3458   0.9030
  0.0127   0.1322
  0.3881   0.8406
  0.2133   0.9352
  0.9698   0.3753
  0.9849   0.1221
  0.7610   0.5794
  0.6212   0.4899
  0.2205   0.1441
  0.6352   0.8024
  0.6696   0.4716
  0.9445   0.5915
  0.2267   0.6838
  0.3206   0.7489
  0.9981   0.2697
  0.9319   0.6964
  0.0953   0.2459
  0.9347   0.4798
  0.8825   0.7793
  0.0183   0.7708
  0.6858   0.8677
  0.5805   0.6261
  0.1111   0.2137
  0.0364   0.4445
  0.3266   0.2873
  0.4965   0.1817
