826876 300957
383885 650749
817371 766267
374176 189863
646502 3606
282888 638601
592075 325290
988952 123236
735877 156618
434648 832244
359910 76239
556926 273931
132055 699655
485905 182717
101215 201585
134747 323790
950546 532131
247686 437277
669088 547696
609055 863135
380696 748956
156697 58124
339707 817177
377548 972605
605319 338237
927984 898425
850707 256792
285496 779947
701396 492512
967668 476162
994906 490579
503454 768773
388085 453260
132854 758507
565237 648637
798059 220449
857891 904729
292020 725870
339446 272682
170275 664019
535852 829110
267363 176156
431187 475656
785221 130652
51356 627507
29088 136195
694556 515679
542583 808484
793687 501868
276633 119665
886598 970289
942527 638129
90591 74709
182451 31688
724937 144159
635927 789848
566254 377414
821587 304881
319374 784980
503737 260997
732476 162950
921076 222224
83609 73702
769552 817678
740426 758249
961195 466425
786997 422569
943730 1315
981268 570195
346471 557504
299785 159073
665257 684203
792410 348625
250075 345004
328633 927486
756073 288239
606180 766030
846153 901982
595708 68537
218044 869409
414218 661210
783485 247887
554426 229586
6913 766640
21834 393104
252541 204217
662280 914743
6903 746424
799671 907799
974574 119864
518970 821975
637023 953911
946927 966606
67345 437535
320840 134053
134586 805948
524765 944257
988341 409895
371188 226855
446031 266222
459097 432906
259624 133715
419229 506861
324325 684689
443094 435664
793024 815557
752113 789256
501268 555182
630750 97990
245677 615726
304960 766968
267230 39507
296562 556365
969075 689125
717882 559030
533355 875725
393099 458067
208246 757274
546693 357389
700998 109223
6611 597303
659177 580007
909952 636007
525562 259624
51171 731951
164292 280398
259428 547096
541269 788114
869606 787541
969428 180469
930599 45152
240646 8856
671594 904814
572417 155462
502368 567733
188272 324197
716038 552929
142282 380364
396570 576742
19402 577581
932197 106873
732150 970523
608886 719666
302753 459023
48029 385353
361717 287585
816713 450529
806633 790173
282958 68310
54931 637523
424286 905532
417321 154059
540000 937092
660956 394658
258991 847913
945057 377000
67281 181582
575748 185886
291449 461665
346978 318166
459915 235895
27753 658454
158804 802663
408580 327392
746015 746352
173955 117545
174038 627410
841891 510083
165764 714306
907038 218538
870962 211836
836665 859302
523378 477363
889884 65077
509457 620798
733568 229997
21872 138989
769508 969766
386795 993428
326394 137162
384754 562636
633836 541607
314994 159327
152617 136951
709804 464865
113272 700879
179987 803669
513957 548439
207845 784589
526490 571024
422041 721157
73139 594862
861978 448802
652578 303474
607440 278903
799563 796170
954087 444339
456883 599818
842622 31201
187271 943595
947923 452985
810833 928880
672718 372333
405696 438824
678650 465071
953265 354698
339021 895861
545435 749284
124878 453235
74750 663341
703652 918951
660072 690105
853724 467902
458479 806105
824768 190437
25674 56815
142936 171419
625845 29516
472333 678443
114789 236064
289081 172757
323707 801111
299634 775626
552771 554692
730648 773625
900848 138168
794077 189414
28975 127388
133736 128311
935260 273231
942680 638151
872531 367074
236202 187319
545650 255117
305824 15549
587489 962559
849848 7941
634026 359292
114060 540818
416422 517099
886123 149396
434677 59039
381031 722370
95120 667191
296401 598563
151852 436378
12683 229023
263680 511386
215085 346110
747818 413620
55753 390029
474484 825321
303644 821791
565680 54382
260015 589104
479734 198651
239013 780194
617310 144129
716133 401507
462386 707283
401211 14386
74641 591069
446002 926621
94894 375419
545999 111679
904464 633277
905412 630553
14229 316478
111871 629464
60710 673995
477440 305546
516333 707029
813611 315809
311303 344977
666305 861072
761780 875838
871236 172791
850224 959589
770207 875016
67414 646793
324097 640347
879752 373638
766738 168087
519725 627456
713914 306397
263688 916004
615035 93176
627698 192029
776965 864501
333582 135414
765468 318614
252380 200075
69010 551911
403812 750116
487184 384787
61409 213692
543874 410645
900964 56290
443510 537813
134061 540948
857369 198018
155610 61378
661074 18603
291103 973824
764641 243684
682117 137855
629812 857015
899799 348369
486311 679518
704122 460885
364273 280266
76205 444625
165707 398749
920585 511335
914143 91934
993038 96434
313148 785376
602401 465909
298132 133173
295009 166628
317104 109840
832088 971593
218272 706078
39014 616296
669365 37202
3335 142465
862406 276038
531692 522222
567618 333033
413417 414349
983922 57740
396543 791321
594186 309564
901803 93127
319028 886962
657432 684517
473949 141245
950925 882627
437439 834957
325144 367640
794840 99309
951782 1474
295396 48455
442741 789847
913521 533255
804077 562661
750877 9231
476785 250330
307919 966950
208805 520477
225547 567198
998164 131866
954677 123878
186239 646503
128170 81321
659228 27399
985180 539331
373835 706735
947412 382278
692909 602072
775258 591835
376180 850650
225736 796959
996882 281311
710381 664643
414836 498270
949124 953182
732924 384681
40083 582934
564713 355183
880201 624531
624016 295742
74680 293706
234740 345898
848491 160365
157865 508660
603302 161397
635455 843941
782270 264567
314699 183196
447474 326679
279817 931764
399693 379424
592847 68507
205238 723619
575148 200233
843481 423731
544751 527968
185108 81690
464094 30555
434985 557865
638783 34218
709901 169324
593383 608065
772360 56274
854726 384285
399619 325418
555391 295421
366121 349049
630225 664443
992097 944362
350348 192998
919577 288693
550860 919325
90049 257697
427048 577724
899522 218226
967032 433982
784823 525234
331277 431594
717902 916213
890028 134707
119913 893453
653086 40279
504716 894454
385729 292052
234037 200949
380307 594791
268386 622443
804568 103972
729241 648591
474655 932913
96444 599107
233565 32329
579860 842199
556897 839883
204953 621255
174021 289540
18503 701497
952092 749010
756728 542090
282063 244875
286319 963135
230696 537322
205009 434042
142212 375584
793561 812816
903791 540376
817864 708417
43209 145946
233336 246702
170283 235057
275462 951607
346671 297322
404427 302238
757312 359744
124900 617183
355520 362939
68489 867162
457897 77616
904922 281696
613878 661858
200025 959987
665106 541300
868969 557048
21399 482681
807986 736010
572305 8985
718281 449427
659617 753209
804740 29156
779818 567351
76117 251622
133455 564474
540982 68922
988431 251096
315473 300657
42040 527902
256023 408710
947513 919281
121244 591945
359653 719307
523552 260844
493080 855836
724407 199111
157286 370476
862273 684763
634198 141324
79303 876146
420429 487664
460326 515678
271995 231580
899535 908698
603643 365237
598591 668488
894565 87336
539011 428450
617154 558876
225851 104520
9978 59154
322653 779477
335479 619569
992886 648006
539776 232255
739833 888993
859808 597061
654753 915014
433184 289761
631883 295422
622029 47535
